firstSpider:5193a7aedfd511e7825438b1dbc3838e 2017-12-13 15:14:54.920396
firstSpider:03c0abaedfd611e7965c38b1dbc3838e 2017-12-13 15:19:53.967370
